x,3146,1,0,
f,4531,1,0,
l,8916,1,0,
n,10531,1,0,
f,12839,1,0,
g,16069,1,0,
n,20223,1,0,
o,20685,1,0,
o,21146,1,0,
z,21608,1,0,
g,23454,1,0,
n,27608,1,0,
j,28069,1,0,
g,28531,1,0,
w,28992,1,0,
v,30839,1,0,
u,33146,1,0,
i,33608,1,0,
w,34069,1,0,
c,35916,1,0,
q,36377,1,0,
c,41454,1,0,
h,43300,1,0,
o,43762,1,0,
o,48839,1,0,
o,50685,1,0,
c,51146,1,0,
t,54839,1,0,
c,56916,1,0,
y,58531,1,0,
o,60377,1,0,
k,62223,1,0,
s,65916,1,0,
j,69608,1,0,
u,71454,1,0,
f,73300,1,0,
g,76992,1,0,
s,77454,1,0,
k,77916,1,0,
u,79300,1,0,
o,79762,1,0,
g,80223,1,0,
d,80685,1,0,
j,83223,1,0,
h,83685,1,0,
n,85069,1,0,
q,85531,1,0,
d,86685,1,0,
y,87146,1,0,
i,88762,1,0,
j,89223,1,0,
z,90608,1,0,
k,91069,1,0,
x,92454,1,0,
d,92916,1,0,
n,93377,1,0,
e,93608,1,0,
s,94069,1,0,
x,98563,1,0,
n,100485,1,0,
a,101130,1,0,
m,103759,1,0,
s,106440,1,0,
y,110390,1,0,
d,112022,1,0,
c,115295,1,0,
o,124073,1,0,
t,127304,1,0,
x,127766,1,0,
e,128227,1,0,
w,128689,1,0,
t,129150,1,0,
a,129612,1,0,
e,130073,1,0,
h,133304,1,0,
f,134689,1,0,
d,136535,1,0,
b,138381,1,0,
v,138843,1,0,
e,141612,1,0,
q,143920,1,0,
s,144381,1,0,
z,145766,1,0,
y,146227,1,0,
f,146689,1,0,
a,147150,1,0,
u,148996,1,0,
l,152227,1,0,
e,154073,1,0,
v,154535,1,0,
b,159612,1,0,
e,161458,1,0,
s,161920,1,0,
g,166996,1,0,
p,168843,1,0,
v,169304,1,0,
i,173458,1,0,
x,173920,1,0,
m,175073,1,0,
s,175304,1,0,
k,175766,1,0,
j,176227,1,0,
m,179920,1,0,
